,Timepoint (days),Free (%),Heteroaggregated (%),Biofiolm-covered (%),Biofilm-heteroaggregated (%)
0,0,0.0,0.0,0.0,0.0
1,1,22.01,70.01,0.96,7.03
2,2,21.96,70.08,0.95,7.0
3,3,21.95,70.1,0.95,7.0
4,4,21.94,70.11,0.95,6.99
5,5,21.94,70.11,0.95,6.99
6,6,21.94,70.11,0.95,6.99
7,7,21.94,70.11,0.95,6.99
8,8,21.94,70.11,0.95,6.99
9,9,21.94,70.11,0.95,6.99
10,10,21.94,70.11,0.95,6.99
11,11,21.94,70.11,0.95,6.99
12,12,21.94,70.11,0.95,6.99
