,Timepoint (days),Free (%),Heteroaggregated (%),Biofiolm-covered (%),Biofilm-heteroaggregated (%)
0,0,0.0,0.0,0.0,0.0
1,1,28.23,67.91,0.26,3.6
2,2,29.45,66.84,0.25,3.46
3,3,29.47,66.82,0.24,3.47
4,5,29.31,66.96,0.24,3.49
5,6,29.16,67.1,0.24,3.5
6,7,29.04,67.21,0.24,3.51
7,8,28.96,67.29,0.24,3.51
8,10,28.9,67.35,0.24,3.51
9,11,28.86,67.39,0.24,3.51
10,12,28.83,67.42,0.24,3.51
11,13,28.81,67.45,0.24,3.5
12,15,28.8,67.46,0.24,3.5
